CONV NORM
# 9x9 convolution mask of a gaussian PSF with FWHM = 5.0 pixels.
0.030531 0.065238 0.112208 0.155356 0.173152 0.155356 0.112208 0.065238 0.030531
0.065238 0.139399 0.239763 0.331961 0.369987 0.331961 0.239763 0.139399 0.065238
0.112208 0.239763 0.412386 0.570963 0.636368 0.570963 0.412386 0.239763 0.112208
0.155356 0.331961 0.570963 0.790520 0.881075 0.790520 0.570963 0.331961 0.155356
0.173152 0.369987 0.636368 0.881075 0.982004 0.881075 0.636368 0.369987 0.173152
0.155356 0.331961 0.570963 0.790520 0.881075 0.790520 0.570963 0.331961 0.155356
0.112208 0.239763 0.412386 0.570963 0.636368 0.570963 0.412386 0.239763 0.112208
0.065238 0.139399 0.239763 0.331961 0.369987 0.331961 0.239763 0.139399 0.065238
0.030531 0.065238 0.112208 0.155356 0.173152 0.155356 0.112208 0.065238 0.030531
