CONV NORM
# 7x7 convolution mask of a gaussian PSF with FWHM = 4.0 pixels.
0.047454 0.109799 0.181612 0.214776 0.181612 0.109799 0.047454
0.109799 0.254053 0.420215 0.496950 0.420215 0.254053 0.109799
0.181612 0.420215 0.695055 0.821978 0.695055 0.420215 0.181612
0.214776 0.496950 0.821978 0.972079 0.821978 0.496950 0.214776
0.181612 0.420215 0.695055 0.821978 0.695055 0.420215 0.181612
0.109799 0.254053 0.420215 0.496950 0.420215 0.254053 0.109799
0.047454 0.109799 0.181612 0.214776 0.181612 0.109799 0.047454
