CONV NORM
# 11x11 convolution mask of a mexican-hat for images with FWHM~5.0 pixels.
-0.002172 -0.005657 -0.011702 -0.019279 -0.025644 -0.028106 -0.025644 -0.019279 -0.011702 -0.005657 -0.002172 
-0.005657 -0.014328 -0.028098 -0.042680 -0.052065 -0.054833 -0.052065 -0.042680 -0.028098 -0.014328 -0.005657 
-0.011702 -0.028098 -0.049016 -0.059439 -0.051288 -0.043047 -0.051288 -0.059439 -0.049016 -0.028098 -0.011702 
-0.019279 -0.042680 -0.059439 -0.030431 0.047481 0.093729 0.047481 -0.030431 -0.059439 -0.042680 -0.019279 
-0.025644 -0.052065 -0.051288 0.047481 0.235153 0.339248 0.235153 0.047481 -0.051288 -0.052065 -0.025644 
-0.028106 -0.054833 -0.043047 0.093729 0.339248 0.473518 0.339248 0.093729 -0.043047 -0.054833 -0.028106 
-0.025644 -0.052065 -0.051288 0.047481 0.235153 0.339248 0.235153 0.047481 -0.051288 -0.052065 -0.025644 
-0.019279 -0.042680 -0.059439 -0.030431 0.047481 0.093729 0.047481 -0.030431 -0.059439 -0.042680 -0.019279 
-0.011702 -0.028098 -0.049016 -0.059439 -0.051288 -0.043047 -0.051288 -0.059439 -0.049016 -0.028098 -0.011702 
-0.005657 -0.014328 -0.028098 -0.042680 -0.052065 -0.054833 -0.052065 -0.042680 -0.028098 -0.014328 -0.005657 
-0.002172 -0.005657 -0.011702 -0.019279 -0.025644 -0.028106 -0.025644 -0.019279 -0.011702 -0.005657 -0.002172 
