CONV NORM
# 9x9 convolution mask of a mexican-hat for images with FWHM~3.0 pixels.
-0.000041 -0.000316 -0.001357 -0.003226 -0.004294 -0.003226 -0.001357 -0.000316 -0.000041 
-0.000316 -0.002428 -0.010013 -0.022204 -0.028374 -0.022204 -0.010013 -0.002428 -0.000316 
-0.001357 -0.010013 -0.035450 -0.054426 -0.050313 -0.054426 -0.035450 -0.010013 -0.001357 
-0.003226 -0.022204 -0.054426 0.033057 0.164532 0.033057 -0.054426 -0.022204 -0.003226 
-0.004294 -0.028374 -0.050313 0.164532 0.429860 0.164532 -0.050313 -0.028374 -0.004294 
-0.003226 -0.022204 -0.054426 0.033057 0.164532 0.033057 -0.054426 -0.022204 -0.003226 
-0.001357 -0.010013 -0.035450 -0.054426 -0.050313 -0.054426 -0.035450 -0.010013 -0.001357 
-0.000316 -0.002428 -0.010013 -0.022204 -0.028374 -0.022204 -0.010013 -0.002428 -0.000316 
-0.000041 -0.000316 -0.001357 -0.003226 -0.004294 -0.003226 -0.001357 -0.000316 -0.000041 
